Degrees of freedom:
tcA = 0.400000
tcB = 0.450000
ncB = 1.100000
VDW interaction factor = 0.500000

Determined values:
ncA = 1.000000
pcA = 0.150000
pcB = 0.185625
aA = 0.450000
aAB = 0.227542
aB = 0.460227
bA=0.333333
bB=0.303030

