Degrees of freedom:
tcA = 0.500000
tcB = 0.300000
ncB = 1.200000
VDW interaction factor = 1.000000

Determined values:
ncA = 1.000000
pcA = 0.187500
pcB = 0.135000
aA = 0.562500
aAB = 0.397748
aB = 0.281250
bA=0.333333
bB=0.277778

