Degrees of freedom:
tcA = 0.400000
tcB = 0.400000
ncB = 1.000000
VDW interaction factor = 0.500000

Determined values:
ncA = 1.000000
pcA = 0.150000
pcB = 0.150000
aA = 0.450000
aAB = 0.225000
aB = 0.450000
bA=0.333333
bB=0.333333

