Degrees of freedom:
tcA = 0.450000
tcB = 0.450000
ncB = 1.000000
VDW interaction factor = 0.563600

Determined values:
ncA = 1.000000
pcA = 0.168750
pcB = 0.168750
aA = 0.506250
aAB = 0.285322
aB = 0.506250
bA=0.333333
bB=0.333333

