Degrees of freedom:
tcA = 0.427000
tcB = 0.427000
ncB = 1.000000
VDW interaction factor = 0.563600

Determined values:
ncA = 1.000000
pcA = 0.160125
pcB = 0.160125
aA = 0.480375
aAB = 0.270739
aB = 0.480375
bA=0.333333
bB=0.333333

