Degrees of freedom:
tcA = 0.350000
tcB = 0.360000
ncB = 1.200000
VDW interaction factor = 0.600000

Determined values:
ncA = 1.000000
pcA = 0.131250
pcB = 0.162000
aA = 0.393750
aAB = 0.218725
aB = 0.337500
bA=0.333333
bB=0.277778

