Degrees of freedom:
tcA = 0.320000
tcB = 0.320000
ncB = 1.000000
VDW interaction factor = 0.200000

Determined values:
ncA = 1.000000
pcA = 0.120000
pcB = 0.120000
aA = 0.360000
aAB = 0.072000
aB = 0.360000
bA=0.333333
bB=0.333333

