Degrees of freedom:
tcA = 0.300000
tcB = 0.310000
ncB = 1.300000
VDW interaction factor = 1.500000

Determined values:
ncA = 1.000000
pcA = 0.112500
pcB = 0.151125
aA = 0.337500
aAB = 0.451350
aB = 0.268269
bA=0.333333
bB=0.256410

